64 16
  -36   -36   -13   -30    11   -73   -13   -52    36    77    58   -81   -30    47   -69   -54 
  -64    56    65   -63   -14    41    39    55    62     3   -20    13    92     3    27   -96 
  -74    16    14    17   -33    90    37   -49   -32    83    45    50     1    26   -67    85 
   45   -34   -83    29    14   -98    14   -50    54   -57    20   -84    25   -55    86   -10 
  -81   -22   -46    26    74     2   -12   -72    97    73    65    42    62    53   -17    67 
   94    55    76    65   -13    15    32    64    34   -46   -69     3    82    42   -76   -46 
  -18   -98    13   -81    42    49    64   -67    90   -94    98   -92   -45    40   -66   -59 
   80    96    -4    84   -98    96    88   -17   -40    70   -66    25   -97    11   -91    16 
   91    -6   -45   -15    86    64    41     1   -73   -25    77   -94    96    -7    38    33 
  -79   -59    74    47    17   -49    81   -85    44   -74    93    35    40    -3   -86    76 
   40    89    -1    64    84   -60    38    86   -14   -78    96    18   -45   -94   -30     4 
   36   -75    27   -48     5    -7    47   -42   -75    10   -30    42    14    83    33    54 
  -99   -67    16   -41    27   -59    -8   -15    39   -98   -28   -79    28   -14   -30    84 
   86    40   -72    42    32   -38   -29   -95    83   -60   -14   -43   -14   -39   -10    12 
  -95    55    63   -20   -25    67   -99   -50   -39    79    81   -46   -81    57   -56   -29 
   59   -45   -72   -50    46   -55   -60    -1    25   -55   -42    73   -94    47   -59    22 
  -99    82   -50   -47    38    98    -4   -69    81    81   -70   -78    53    50   -28    13 
   42   -63     9    22    15    33   -23   -91     7    -5    61    96   -46     6    31    16 
  -63   -92   -52   -45   -99    19    81   -51   -68   -59    37   -27   -69   -60   -39    45 
   81    66   -94   -19    51    17   -68    48   -59    80   -86    62    54   -85    75   -13 
  -65   -33   -56    11    96    29    80    31    -7   -58    16   -56   -64   -87   -79    95 
   96   -64   -88     1    26   -86    49   -36   -14    76   -29    -9    30    38    71    89 
   91   -16    13     6    81   -31    61    89   -72   -39    64    13    22   -11   -66   -58 
   -5   -43    13   -84   -39    98   -19    17   -43    75   -26   -31   -61   -50   -67    15 
   97    60    47   -81   -32   -13    47   -93   -44    66   -59    71   -98   -39   -64    40 
  -38   -72    56   -56   -85   -11     6   -90   -63   -99    73   -85   -98    64    62     6 
   57   -79   -59     2    21    -4   -74   -45    36   -26   -22   -54    37   -35   -63    60 
   66    50   -32   -70   -53   -11    68   -38    94    51   -89   -58   -29   -97   -71   -97 
   77    98   -23    -6   -48   -10    77   -77    26   -66   -12     0    -1   -20   -69    55 
   16    55   -91   -52   -60   -52    -2    19     4   -79   -92    19   -49    80   -33   -33 
   28    12    52    87   -39   -54    20    23   -64    42    26   -48   -36   -98    -6    93 
  -80   -71   -24    73   -31   -29   -98   -93   -80   -42    73   -24   -36   -11   -11   -86 
   16    48    66    43    31     8     8    83    40    36   -69   -94   -44   -41     7   -33 
   40    96   -13    51   -83     9    89    33   -22    16   -31    80    11    38     0    -9 
   48   -26   -60   -49   -61    47    26    20    63    76    11    86    25    56   -90    56 
   90   -74    36   -22   -57   -31    78    10    20    18    17   -46    72   -98     4   -11 
  -69   -63    29   -83    90   -87    26   -71     1   -62   -46    50   -85    85   -13    59 
  -90    99   -87    34   -86   -35   -77    38     7    25   -26    46    28    75    49   -64 
  -71   -33    68    28    -5   -49    80    81    56    89   -80   -95   -61    53   -94    44 
  -47   -19   -35    -4    64     3   -64   -18   -38    66    79    -1    23    50    60     2 
  -36    61   -72    69   -93     5    45     1   -42    26   -45    89   -76   -95    97   -50 
   -3    69   -62    81   -73    78    35   -23    83    27    58   -34   -66   -88   -38   -67 
  -75   -21     9    81    93    32     2    78   -48   -55    -2   -49    90   -43   -26   -44 
  -10   -71    11    42    71   -70    97    45   -52   -44   -36    58   -45    45   -29     0 
   -8   -59    -9   -72    -2    53   -79   -54    13    11   -12   -90   -16   -44    58    21 
  -94    18   -31    90    78    95   -40    83    54     0   -53   -52    66    69   -21   -19 
  -14   -61   -29    24    -3     1   -98    37    47    29    88    23   -86   -32   -93    72 
   45    97    63    72   -93    -6    96   -19   -75    65   -13   -95   -76    -2    55    -6 
  -16    37   -17    57    61    28    50    15   -64   -78   -25    65    76   -68   -54   -92 
   78   -51    17    85   -83   -52    56   -71    -1    11   -27   -80    18    31    79    19 
  -83    42   -27   -55    98   -31    82    61   -28   -35   -14   -42    54    41    32     4 
   41    98   -90   -35   -66   -72    79   -34    92   -10   -64   -14   -30   -36    19    32 
   82    39    33     0    53    15    19    67    67    89   -81   -21    22    -2    44   -72 
   25    84   -68   -59     0   -22    70    96    20   -87    11   -78    -8   -99   -41   -16 
   96   -14   -17   -73    -2   -96   -61    21   -10    36   -81    75   -43   -73    38   -55 
  -68    87    76   -24   -43   -82    27     7    64   -91   -69   -11    97   -42    88    99 
  -88   -39    69    72   -92   -77   -22   -51   -62   -94   -50   -88    92   -23   -57    24 
   91    46    96    93   -58   -98   -54   -84    52    91    75    27    51    42   -85   -33 
   93    80   -82   -43    16   -12    49    -8    58   -13   -25   -20   -84    -2   -82    14 
   77   -28   -38   -57    94   -68    64   -18   -97    -4    85   -68    29    -8   -32   -70 
   -5    44    52     6    -1   -45    73    78    -5   -38    37   -56    54   -29    12   -71 
  -78    77    35    25    70    58    68   -47   -35    78    58   -79    97   -37    56     2 
   32    54    37    -8    76    -1    79    73    88   -84     3    57    72   -25   -66    12 
  -24   -30   -88   -27    -6    51    75    97   -29    33    -5    86   -89     0    88   -17 
