16 64
   56   -19    57    34   -60   -90   -54   -26   -31     7   -78    49   -71   -70   -99   -35    -2   -62   -66    70    18   -23   -92   -18    64    51   -14    52    23   -67    22   -68    99    28    48   -86    17   -81   -67   -69    69   -27   -82    91   -40   -42    80   -82    43    41    74    90    59    46    87    59   -34    45   -93     3   -24   -27   -99    93 
    5   -56    11    14    -3    -8   -35   -40    79    -1   -37   -70    80    33    60    54   -85    68    -5   -77   -32    83   -38     9    13    16    66   -52    61    89    95     8   -10   -65    48    12     8    33   -76    79    19   -65   -80    17    60     9    -1    73   -29    -4   -29   -15    85     3   -35   -59   -76    -4     2   -20    38    46    21    -2 
  -83   -53    65    75    -8   -95    22   -81   -25    71    44   -60   -20   -41    99   -29     4    44    50   -94   -56   -89    50    -3    31    17   -88   -48   -29   -94   -70   -76   -17   -95   -56   -57     5   -58    91     2    51   -47   -60   -16   -83    72    66   -33   -12   -28    78    10   -89    55    -2    64   -79   -69   -30   -60    75    28    20    45 
  -49   -14    21    81    -8   -74   -77    -6    59   -90   -64     7    62    23   -87   -70    21    43    24    13   -86   -78   -34    97    89   -29     8   -43    31    39    84   -14    45    24    88   -13    13   -98   -66    75   -65    19    -1   -16    63   -77   -58    -5   -27   -63   -31    32    41    91    17   -54    92    62    50   -20    12   -58   -63   -40 
  -43    62   -99   -77   -30    69    88   -39   -63    42    58    -4   -85    98   -96   -47   -58    92    61     5   -24   -41    94    77    78   -32    11   -35    86    89    68    90   -49   -35    60   -58    60   -73   -62     7    49     9   -65   -73    67    68    88   -24    61     4    83     7   -82   -75   -79    94   -46    -9   -44    53    75    11    36   -71 
  -23    64    48   -62    97    40   -57    71   -53   -28   -37     8    40    78   -27    58   -10    10   -52   -26    45   -95   -28    27   -78    87   -60    99   -68    35   -41    77    37   -34   -47    55   -34     5    49    92    70   -78   -81   -86   -31    -3    34   -72    82    63   -36   -49   -47    83    37    79    81    52    95    -9   -66   -98    77    81 
   78    73   -16    70   -73    61    46    55    -9   -33   -12    99    30    40    38    73    54    75   -57    16    -9   -83    73    28    47   -77   -84   -63   -55     1   -54    16   -50    -9     3   -62    45    38    44   -82    82   -95    20    -5   -42   -34    93    92    96    75   -45    47   -29   -39    11   -80     3   -73    53   -27    30   -15   -88    -5 
   55    41    70   -57    68    89   -26   -31     1     9    68    31   -72   -39    57   -43   -71    14     2   -69   -77   -14    39    48   -56    50    -5    23   -23   -21    26   -98   -54     9   -34   -61   -56    67    -2   -11   -45   -56   -68     0    46    82    98   -35    27   -15    62    43   -11    -1   -84    99    18    78    79     2    48   -26   -44   -56 
  -58   -89    16   -10    61    97   -40    22   -10   -63   -43   -10    76   -92   -85   -93    70    97    91    24    14   -71    31    14    89    62   -73    -4    99    33    70    61    86    60   -33    36   -10    47   -32    58    86    -7   -18    21    -2   -71   -36    15   -38     5   -76   -87     4   -11   -89   -87    35    66   -82    81   -97   -12   -53   -51 
   67    53   -46    67    85   -49   -97    68    10    26    85   -54    -6    31   -62   -31   -78    88   -26   -56   -64   -57    51    93    36   -71    60    38   -25   -18   -34   -69    21   -37    92   -68   -48   -93   -75   -71   -78    66   -59   -94     1   -29    34    92    60    85   -95   -75    16    -9   -27    44    53   -26    -8   -88   -36    64   -54   -97 
   82    66    13    62    13    70    62   -37    21   -76   -87   -97   -35    72    -2   -60    63     7   -70    73    83   -14   -15    87    10   -38   -59   -51   -45    36    62    97   -49    55    15   -25    40   -64    37    22   -55   -24    83   -20    -6    28   -70    51   -91   -50     6    87   -55   -63    95    67    91   -35    23   -92   -74     0   -54   -27 
   42    23    90     1   -95    26    97   -83     3   -56    91   -87    62   -97   -31   -35    25   -74    91    87    57   -15   -56    79    16   -32   -95    53    24   -59   -87   -68   -38   -37   -26    86   -79    32     5   -64    96   -70   -63    58    68    -5    94   -66   -56   -71    94   -26   -91   -66    83   -81    -6    96   -70   -21    23   -57   -99    -7 
   63    24    29    35   -46   -38   -31    70   -38    86    19   -40     8    17    89    36   -75   -16   -15    62   -91    77    10    41   -86    44    19    31    75   -42    25    83   -95    -8   -72    44   -10    73   -98   -36    96   -60   -69    75    52    94   -22    42     6    19    -9    89   -79    77    98   -36   -79    73    20    25    56    40    23   -30 
  -82    -2   -97   -90    23   -21   -84   -53     4   -84    38   -57   -41   -79   -87    36    19   -40   -92    89   -71    30    36   -23   -64   -67    54    26    68   -57   -44    30    23   -65   -64    64    23   -31   -66   -47    -8   -44   -45   -43    30   -50    37   -73    57   -65    31   -75    38    96    22    29    20   -57   -64   -54    38   -12    31    11 
   86    50    12    37    89    39    78    49   -14    82    76   -55   -64    73   -30    15    70    34   -70   -40    47    -2    -6   -89    26   -36   -10   -57   -48     3    87    89    91    49   -16   -33   -52   -76    12    19    14    75   -56    28   -92   -90    15   -38   -89   -68    89   -64    93   -18    59   -26   -84   -51    50   -40   -42    35    59    89 
   78    76   -31    -9    54   -49    47   -67    36    57   -27    54    -1   -66   -14   -75   -48    89    25    -7   -80   -54    62    16   -53    55   -25    -9    91    41   -98    19   -76    98   -49    -3    95   -69   -11    60    11     0   -80   -35   -59    11    91    50     8    -4   -88    27   -24   -30    -6   -36    69   -89    65   -53   -98   -11   -22   -55 
