Loaded 45 names from driver_list.txt.
Loaded network from network.txt.
+------------------------------------------------------------------------------+
| Petrackovo namesti                                                   Line: 1 |
+--------------------------------------++--------------------------------------+
| To: Spanelska                        || To: Italska                          |
+----+---------------------------------++----+---------------------------------+
| 00 |                                 || 00 |                                 |
| 01 |                                 || 01 |                                 |
| 02 |                                 || 02 |                                 |
| 03 |                                 || 03 |                                 |
| 04 | 13 38                           || 04 | 22 47                           |
| 05 | 03 28 53                        || 05 | 12 37                           |
| 06 | 18 38 58                        || 06 | 02 27 47                        |
| 07 | 18 38 58                        || 07 | 07 27 47                        |
| 08 | 18 38 58                        || 08 | 07 27 47                        |
| 09 | 18 38 58                        || 09 | 07 27 47                        |
| 10 | 18 38 58                        || 10 | 07 27 47                        |
| 11 | 23 48                           || 11 | 07 32 57                        |
| 12 | 13 38                           || 12 | 22 47                           |
| 13 | 03 28 53                        || 13 | 12 37                           |
| 14 | 18 43                           || 14 | 02 27 52                        |
| 15 | 08 28 48                        || 15 | 17 37 57                        |
| 16 | 08 28 48                        || 16 | 17 37 57                        |
| 17 | 08 28 48                        || 17 | 17 37 57                        |
| 18 | 08 28 48                        || 18 | 17 37 57                        |
| 19 | 08 28 48                        || 19 | 17 37 57                        |
| 20 | 28                              || 20 | 37                              |
| 21 | 08 48                           || 21 | 17 57                           |
| 22 | 28                              || 22 | 37                              |
| 23 |                                 || 23 |                                 |
+----+---------------------------------++----+---------------------------------+
+------------------------------------------------------------------------------+
| Petrackovo namesti                                                   Line: 2 |
+--------------------------------------++--------------------------------------+
| To: Maternovy sady                   || To: Vitkov                           |
+----+---------------------------------++----+---------------------------------+
| 00 |                                 || 00 |                                 |
| 01 |                                 || 01 |                                 |
| 02 |                                 || 02 |                                 |
| 03 |                                 || 03 |                                 |
| 04 | 58                              || 04 |                                 |
| 05 | 38                              || 05 | 04 44                           |
| 06 | 18 38 58                        || 06 | 24 44                           |
| 07 | 18 38 58                        || 07 | 04 24 44                        |
| 08 | 18 38 58                        || 08 | 04 24 44                        |
| 09 | 18 38 58                        || 09 | 04 24 44                        |
| 10 | 38                              || 10 | 04 44                           |
| 11 | 18 58                           || 11 | 24                              |
| 12 | 38                              || 12 | 04 44                           |
| 13 | 18 58                           || 13 | 24                              |
| 14 | 38                              || 14 | 04 44                           |
| 15 | 18 58                           || 15 | 24                              |
| 16 | 18 38 58                        || 16 | 04 24 44                        |
| 17 | 18 38 58                        || 17 | 04 24 44                        |
| 18 | 18 38 58                        || 18 | 04 24 44                        |
| 19 | 18 38 58                        || 19 | 04 24 44                        |
| 20 | 18 38 58                        || 20 | 04 24 44                        |
| 21 | 38                              || 21 | 04 44                           |
| 22 | 18 58                           || 22 | 24                              |
| 23 |                                 || 23 | 04                              |
+----+---------------------------------++----+---------------------------------+
+------------------------------------------------------------------------------+
| Vitkov                                                               Line: 2 |
+--------------------------------------++--------------------------------------+
| To: Maternovy sady                   || To: Vitkov                           |
+----+---------------------------------++----+---------------------------------+
| 00 |                                 || 00 |                                 |
| 01 |                                 || 01 |                                 |
| 02 |                                 || 02 |                                 |
| 03 |                                 || 03 |                                 |
| 04 | 45                              || 04 |                                 |
| 05 | 25                              || 05 | 18 58                           |
| 06 | 05 25 45                        || 06 | 38 58                           |
| 07 | 05 25 45                        || 07 | 18 38 58                        |
| 08 | 05 25 45                        || 08 | 18 38 58                        |
| 09 | 05 25 45                        || 09 | 18 38 58                        |
| 10 | 25                              || 10 | 18 58                           |
| 11 | 05 45                           || 11 | 38                              |
| 12 | 25                              || 12 | 18 58                           |
| 13 | 05 45                           || 13 | 38                              |
| 14 | 25                              || 14 | 18 58                           |
| 15 | 05 45                           || 15 | 38                              |
| 16 | 05 25 45                        || 16 | 18 38 58                        |
| 17 | 05 25 45                        || 17 | 18 38 58                        |
| 18 | 05 25 45                        || 18 | 18 38 58                        |
| 19 | 05 25 45                        || 19 | 18 38 58                        |
| 20 | 05 25 45                        || 20 | 18 38 58                        |
| 21 | 25                              || 21 | 18 58                           |
| 22 | 05 45                           || 22 | 38                              |
| 23 |                                 || 23 | 18                              |
+----+---------------------------------++----+---------------------------------+
+------------------------------------------------------------------------------+
| U Bufetu                                                             Line: 0 |
+--------------------------------------++--------------------------------------+
| To: Studijni odd.                    || To: U Petnika                        |
+----+---------------------------------++----+---------------------------------+
| 00 |                                 || 00 |                                 |
| 01 |                                 || 01 |                                 |
| 02 |                                 || 02 |                                 |
| 03 |                                 || 03 |                                 |
| 04 | 20 50                           || 04 | 13 43                           |
| 05 | 20 50                           || 05 | 13 43                           |
| 06 | 20 35 50                        || 06 | 13 28 43 58                     |
| 07 | 05 20 35 50                     || 07 | 13 28 43 58                     |
| 08 | 05 20 35 50                     || 08 | 13 28 43 58                     |
| 09 | 05 20 35 50                     || 09 | 13 28 43 58                     |
| 10 | 05 20 50                        || 10 | 13 43                           |
| 11 | 20 50                           || 11 | 13 43                           |
| 12 | 20 50                           || 12 | 13 43                           |
| 13 | 20 50                           || 13 | 13 43                           |
| 14 | 20 50                           || 14 | 13 43                           |
| 15 | 20 35 50                        || 15 | 13 28 43 58                     |
| 16 | 05 20 35 50                     || 16 | 13 28 43 58                     |
| 17 | 05 20 35 50                     || 17 | 13 28 43 58                     |
| 18 | 05 20 35 50                     || 18 | 13 28 43 58                     |
| 19 | 05 20 50                        || 19 | 13 43                           |
| 20 | 20 50                           || 20 | 13 43                           |
| 21 | 20 50                           || 21 | 13 43                           |
| 22 | 20 50                           || 22 | 13 43                           |
| 23 | 20                              || 23 | 13                              |
+----+---------------------------------++----+---------------------------------+
